Розыгрыш|Дата проведения|Лототрон|Набор|Шар номер 1 Шар номер 2 Шар номер 3 Шар номер 4 Шар номер 5 Шар номер 6|победителей угадавших 2 номера|приз за 2 номеров|победителей угадавших 3 номера|приз за 3 номеров|победителей угадавших 4 номера|приз за 4 номеров|победителей угадавших 5 номеров|приз за 5 номеров|победителей угадавших 6 номеров|приз за 6 номеров|
1685|2017-05-31|А|3|2 8 10 16 35 45|10070|10|1345|24|60|740|1|55521|0|12200000|
1684|2017-05-27|А|2|3 11 20 31 40 44|11628|10|1450|27|89|589|2|32783|0|12120000|
1683|2017-05-24|Б|1|25 35 39 48 50 51|8991|10|1043|33|45|1046|1|58841|0|12040000|
1682|2017-05-20|А|1|5 9 14 16 19 41|9917|10|1247|24|74|547|2|25310|0|11960000|
1681|2017-05-17|А|2|10 14 23 24 26 45|8989|10|1100|28|63|667|0|0|0|11880000|
1680|2017-05-13|А|2|7 10 15 17 34 45|10348|10|1434|21|100|412|1|51568|0|11800000|
1679|2017-05-10|А|2|2 3 16 18 26 41|8375|10|1060|25|48|751|1|45109|0|11720000|
1678|2017-05-06|А|4|7 31 32 35 36 39|8169|10|887|34|29|1425|0|0|0|11640000|
1677|2017-05-03|Б|3|14 19 20 31 44 45|7331|10|905|28|32|1077|0|0|0|11580000|
1676|2017-04-29|А|4|19 25 27 34 36 45|8010|10|960|32|30|1394|1|52300|0|11500000|
1675|2017-04-26|Б|1|3 4 14 25 36 48|8627|10|1018|28|43|897|0|0|0|11420000|
1674|2017-04-22|Б|3|9 15 23 27 39 41|9119|10|1393|20|90|414|1|46623|0|11340000|
1673|2017-04-19|А|2|2 24 29 40 45 49|6418|10|716|38|34|1071|2|22777|0|11260000|
1672|2017-04-15|Б|1|8 10 16 24 48 49|8664|10|960|34|59|751|1|55428|0|11180000|
1671|2017-04-12|А|2|6 9 13 23 26 28|9027|10|1236|21|78|463|1|45210|0|11100000|
1670|2017-04-08|Б|1|17 23 28 33 50 51|8407|10|938|33|45|935|1|52598|0|11025000|
1669|2017-04-05|А|4|8 21 24 35 38 51|7808|10|894|31|46|808|0|0|0|10935000|
1668|2017-04-01|А|4|8 16 24 42 45 46|7846|10|990|29|46|843|1|48483|0|10850000|
1667|2017-03-29|Б|3|15 28 33 35 37 47|8261|10|1131|24|79|474|2|23415|0|10780000|
1666|2017-03-25|Б|2|20 21 36 38 45 50|7661|10|891|33|32|1252|1|50089|0|10700000|
1665|2017-03-22|А|3|1 2 5 9 13 46|10463|10|1537|19|98|410|1|50228|0|10628000|
1664|2017-03-18|А|4|20 23 24 36 44 47|7262|10|771|39|32|1269|1|50763|0|10540000|
1663|2017-03-15|Б|2|3 21 23 27 32 52|9021|10|1186|25|59|671|0|0|0|10470000|
1662|2017-03-11|А|2|2 10 15 18 31 39|8288|10|1010|29|53|760|0|0|0|10370000|
1661|2017-03-08|Б|4|6 11 26 31 34 40|8639|10|1157|25|56|703|1|49263|0|10300000|
1660|2017-03-04|Б|2|2 21 27 33 48 50|9173|10|978|31|57|720|2|25684|0|10250000|
1659|2017-03-01|Б|2|2 5 9 17 44 48|19408|10|2493|24|121|8264|0|0|0|11100000|
1658|2017-02-25|А|4|14 20 25 35 39 49|8293|10|1073|28|60|675|1|50634|0|11055000|
1657|2017-02-22|А|1|7 30 33 39 44 50|7717|10|982|27|41|886|2|22711|0|10888000|
1656|2017-02-18|А|4|14 26 37 39 47 50|8113|10|982|33|47|942|0|0|0|10800000|
1655|2017-02-15|Б|4|5 26 35 42 47 52|7315|10|972|28|57|658|1|46883|0|10720000|
1654|2017-02-11|Б|1|7 19 24 31 42 44|7855|10|924|31|63|617|1|48630|0|10590000|
1653|2017-02-08|А|3|10 12 15 19 31 47|7555|10|878|31|57|645|0|0|0|10467000|
1652|2017-02-04|А|2|3 7 20 32 35 42|8218|10|971|29|47|803|0|0|0|10385000|
1651|2017-02-01|Б|1|14 23 29 43 44 47|6786|10|743|37|33|1126|2|23225|0|10250000|
1650|2017-01-28|Б|1|12 18 26 29 30 36|7513|10|925|31|49|793|0|0|0|10170000|
1649|2017-01-25|А|4|4 24 26 30 32 41|7172|10|789|36|36|1060|0|0|0|10100000|
1648|2017-01-21|Б|3|10 16 27 33 41 47|15416|10|1600|35|46|21739|0|0|0|10945000|
1647|2017-01-18|Б|3|13 17 29 31 44 45|8617|10|1276|19|70|480|1|42014|0|10807000|
1646|2017-01-14|А|4|21 24 33 36 47 48|6801|10|690|43|26|1545|0|0|0|10730000|
1645|2017-01-11|Б|3|3 16 21 33 41 52|8214|10|1113|22|63|524|2|20659|0|10650000|
1644|2017-01-07|Б|3|1 7 11 19 30 42|8001|10|1129|21|74|436|0|0|0|10600000|
1643|2017-01-04|А|3|4 5 7 37 39 47|8118|10|919|28|40|886|0|0|0|10550000|
1642|2016-12-31|А|4|18 33 39 40 44 51|11084|10|1312|34|35|1702|3|24831|0|10500000|
1641|2016-12-28|Б|4|6 34 35 40 48 51|18067|10|1895|41|53|18867|0|0|0|11250000|
1640|2016-12-24|А|1|5 11 23 24 44 46|9405|10|1045|31|49|896|0|0|0|11170000|
1639|2016-12-21|Б|4|2 18 19 33 37 46|9041|10|1079|29|56|752|1|52649|0|11090000|
1638|2016-12-17|Б|1|2 15 26 30 34 43|9163|10|1287|22|54|699|1|47232|0|11000000|
1637|2016-12-14|А|1|5 9 12 13 35 52|9225|10|1101|28|65|636|1|51688|0|10930000|
1636|2016-12-10|А|3|8 13 16 27 39 50|9364|10|1196|25|69|587|3|16886|0|10830000|
1635|2016-12-07|А|2|11 23 25 26 28 29|8341|10|1057|30|45|957|1|53872|0|10750000|
1634|2016-12-03|Б|3|9 11 14 30 46 48|7392|10|793|33|29|1219|1|44204|0|10635000|
1633|2016-11-30|Б|3|1 13 17 24 28 36|7475|10|1017|24|49|665|0|0|0|10550000|
1632|2016-11-26|А|4|19 20 31 35 37 44|8292|10|1019|27|38|1000|1|47526|0|10435000|
1631|2016-11-23|Б|3|12 20 39 40 41 48|6196|10|640|42|32|1138|0|0|0|10345000|
1630|2016-11-19|А|1|15 18 28 29 46 52|7947|10|963|31|61|669|1|51038|0|10225000|
1629|2016-11-16|Б|1|9 11 17 24 36 51|7905|10|942|27|48|719|0|0|0|10145000|
1628|2016-11-12|А|4|14 15 21 25 31 46|9076|10|1100|24|60|597|1|44777|0|10025000|
1627|2016-11-09|А|2|3 5 11 20 22 35|8234|10|1207|21|67|513|0|0|0|9950000|
1626|2016-11-05|А|4|1 3 8 26 27 52|9738|10|1487|16|77|428|2|20625|0|9840000|
1625|2016-11-02|А|4|16 24 28 32 36 40|6677|10|943|27|49|711|0|0|0|9750000|
1624|2016-10-29|Б|4|7 44 45 46 47 48|5800|10|567|50|27|1404|1|47412|0|9620000|
1623|2016-10-26|А|3|11 14 29 42 46 47|7016|10|774|36|26|1444|0|0|0|9500000|
1622|2016-10-22|Б|1|6 10 17 33 39 41|7238|10|915|28|55|625|0|0|0|9375000|
1621|2016-10-19|Б|3|10 16 20 35 42 44|7602|10|918|28|53|661|0|0|0|9300000|
1620|2016-10-15|А|4|5 8 16 18 39 44|8994|10|1154|21|65|500|1|40692|0|9185000|
1619|2016-10-12|А|1|9 15 23 29 40 43|7045|10|798|30|57|562|0|0|0|9075000|
1618|2016-10-08|А|1|1 4 12 22 26 36|6749|10|841|28|46|689|0|0|0|8970000|
1617|2016-10-05|Б|4|17 19 23 27 34 48|7075|10|896|25|29|1041|0|0|0|8900000|
1616|2016-10-01|Б|1|6 7 15 17 33 38|7974|10|1180|17|62|445|2|17255|0|8840000|
1615|2016-09-28|Б|1|3 9 18 26 37 39|6968|10|911|24|49|611|3|12489|0|8720000|
1614|2016-09-24|Б|4|18 20 24 37 38 40|5915|10|671|37|33|1022|0|0|0|8650000|
1613|2016-09-21|Б|4|8 17 20 25 38 40|6726|10|804|28|65|468|1|38101|0|8580000|
1612|2016-09-17|А|2|3 31 32 38 48 51|6313|10|641|40|24|1448|1|43453|0|8470000|
1611|2016-09-14|А|2|12 18 21 22 25 41|6921|10|848|27|34|916|0|0|0|8350000|
1610|2016-09-10|А|3|8 18 23 26 30 51|7176|10|894|27|49|663|0|0|0|8290000|
1609|2016-09-07|А|4|1 14 21 28 34 39|7245|10|915|25|43|711|3|12745|0|8170000|
1608|2016-09-03|Б|4|12 30 33 42 45 48|5849|10|648|37|31|1054|0|0|0|8060000|
1607|2016-08-31|А|2|13 20 26 33 36 40|7057|10|815|28|37|830|0|0|0|7990000|
1606|2016-08-27|А|4|11 13 14 26 30 50|7074|10|914|25|47|656|1|38544|0|7890000|
1605|2016-08-24|Б|4|4 23 33 34 38 46|6246|10|705|30|40|710|0|0|0|7780000|
1604|2016-08-20|Б|1|5 7 8 11 45 47|7635|10|1028|21|37|801|0|0|0|7673000|
1603|2016-08-17|А|1|3 5 17 23 42 46|7967|10|1000|23|39|787|0|0|0|7600000|
1602|2016-08-13|А|3|10 21 34 35 43 45|6261|10|756|30|35|890|1|38944|0|7560000|
1601|2016-08-10|Б|3|2 22 25 37 40 50|5667|10|704|32|39|778|1|37967|0|7520000|
1600|2016-08-06|А|1|3 25 26 34 47 51|6358|10|727|32|43|726|0|0|0|7480000|
1599|2016-08-03|А|3|3 4 20 24 45 48|6016|10|685|30|28|1010|0|0|0|7440000|
1598|2016-07-30|А|3|2 9 30 31 47 50|6029|10|768|28|31|928|1|35967|0|7400000|
1597|2016-07-27|А|3|13 21 22 24 42 50|6473|10|735|28|45|629|0|0|0|7360000|
1596|2016-07-23|Б|1|5 14 16 23 39 46|6041|10|738|29|29|1001|0|0|0|7320000|
1595|2016-07-20|А|1|5 6 14 30 34 36|6217|10|713|31|39|767|0|0|0|7280000|
1594|2016-07-16|Б|3|13 20 21 25 38 40|6414|10|838|25|59|479|2|17676|0|7240000|
1593|2016-07-13|Б|1|3 23 27 30 41 52|6377|10|868|26|40|758|1|37916|0|7200000|
1592|2016-07-09|Б|2|17 18 19 23 32 50|6014|10|663|33|34|876|0|0|0|7160000|
1591|2016-07-06|А|2|1 6 16 21 32 50|6146|10|839|23|65|400|1|32509|0|7120000|
1590|2016-07-02|А|2|27 29 36 37 46 52|5133|10|574|37|28|1034|0|0|0|7080000|
1589|2016-06-29|Б|3|4 5 18 25 34 48|5362|8|671|23|25|375|0|0|0|7040000|
1588|2016-06-25|А|3|3 16 18 29 30 32|6214|8|751|24|36|295|0|0|0|7000000|
1587|2016-06-22|Б|2|14 17 19 28 34 49|5803|8|649|25|36|268|0|0|0|6960000|
1586|2016-06-18|Б|2|19 41 43 48 50 52|5289|8|594|31|29|373|0|0|0|6920000|
1585|2016-06-15|Б|4|12 13 26 30 38 40|8294|8|1081|20|37|356|0|0|0|6880000|
1584|2016-06-11|А|2|5 6 33 37 38 49|6068|8|633|30|40|278|1|7962|0|6840000|
1583|2016-06-08|Б|3|2 3 6 8 14 21|7401|8|1115|16|85|124|1|7573|0|6800000|
1582|2016-06-04|Б|2|1 4 9 16 23 34|6793|8|887|21|37|303|0|0|0|6760000|
1581|2016-06-01|А|4|1 18 20 25 27 44|6773|8|796|22|40|258|0|0|0|6720000|
1580|2016-05-28|А|4|14 19 21 41 46 49|6234|8|644|30|23|494|0|0|0|6680000|
1579|2016-05-25|Б|4|5 6 12 16 18 50|6746|8|921|21|39|291|1|8131|0|6640000|
1578|2016-05-21|Б|3|6 28 29 34 46 52|5444|8|578|36|24|506|0|0|0|6600000|
1577|2016-05-18|А|4|3 6 9 27 32 34|6408|8|798|21|52|196|0|0|0|6560000|
1576|2016-05-14|Б|3|4 11 15 19 24 35|7001|8|905|21|45|246|0|0|0|6520000|
1575|2016-05-11|Б|3|15 26 33 34 38 45|5982|8|679|25|42|239|3|2395|0|6480000|
1574|2016-05-07|А|2|3 12 15 23 32 49|6894|8|723|25|37|289|3|2551|0|6440000|
1573|2016-05-04|А|1|4 7 8 24 41 44|5298|8|683|21|41|204|0|0|0|6400000|
1572|2016-04-30|Б|1|3 20 29 39 40 52|6078|8|659|30|37|313|2|4140|0|6360000|
1571|2016-04-27|А|1|3 15 19 23 26 36|6026|8|815|21|46|217|0|0|0|6320000|
1570|2016-04-23|А|3|3 15 23 41 43 46|5996|8|741|26|34|334|0|0|0|6280000|
1569|2016-04-20|Б|3|3 4 8 17 33 41|7171|8|937|18|55|185|0|0|0|6240000|
1568|2016-04-16|А|2|8 13 19 29 39 47|5962|8|717|25|35|310|2|3881|0|6200000|
1567|2016-04-13|Б|2|8 19 30 33 35 44|6737|8|891|20|57|186|2|3787|0|6160000|
1566|2016-04-09|А|3|7 20 39 41 47 51|5513|8|644|29|28|399|0|0|0|6120000|
1565|2016-04-06|А|2|2 13 20 31 47 48|5500|8|657|28|35|317|0|0|0|6080000|
1564|2016-04-02|Б|2|7 13 18 24 40 43|6438|8|769|25|29|396|1|8210|0|6040000|
1563|2016-03-30|А|1|5 13 20 24 43 52|6957|8|851|21|42|248|0|0|0|6000000|
1562|2016-03-26|Б|1|27 31 32 44 49 50|6012|8|693|29|18|672|0|0|0|5960000|
1561|2016-03-23|А|4|3 14 20 34 44 51|6290|8|821|22|44|248|2|3898|0|5920000|
1560|2016-03-19|Б|2|11 13 28 30 31 42|6200|8|815|22|36|302|1|7768|0|5880000|
1559|2016-03-16|Б|4|7 17 22 30 36 45|6333|8|862|20|25|419|1|7483|0|5840000|
1558|2016-03-12|Б|4|10 11 18 21 38 49|5951|8|707|26|52|210|0|0|0|5800000|
1557|2016-03-09|А|2|19 20 21 23 43 49|5270|8|538|30|24|401|0|0|0|5760000|
1556|2016-03-05|Б|3|6 14 21 22 26 35|6798|8|873|22|53|213|1|8066|0|5720000|
1555|2016-03-02|Б|3|16 22 27 35 44 49|5381|8|703|26|53|203|0|0|0|5680000|
1554|2016-02-27|А|4|2 11 29 39 50 52|6030|8|745|24|32|339|0|0|0|5640000|
1553|2016-02-24|Б|4|1 3 36 47 48 50|5270|8|585|31|21|518|0|0|0|5600000|
1552|2016-02-20|А|3|11 13 15 22 23 27|7344|8|975|18|49|219|0|0|0|5560000|
1551|2016-02-17|А|1|9 12 21 22 30 51|6185|8|714|25|44|245|1|7707|0|5520000|
1550|2016-02-13|Б|2|15 16 17 21 47 49|6191|8|675|29|31|374|1|8301|0|5480000|
1549|2016-02-10|А|4|11 13 22 23 28 43|6553|8|833|21|53|201|0|0|0|5440000|
1548|2016-02-06|А|1|1 9 14 28 35 44|6658|8|826|23|37|305|1|8078|0|5400000|
1547|2016-02-03|А|4|1 3 4 8 27 52|6902|8|1036|16|52|187|1|6979|0|5360000|
1546|2016-01-30|Б|3|29 34 35 49 50 51|5890|8|648|31|32|376|1|8607|0|5320000|
1545|2016-01-27|А|1|17 27 31 33 38 44|6222|8|792|22|47|219|1|7365|0|5280000|
1544|2016-01-23|А|4|3 15 21 22 25 33|7652|8|1004|19|66|171|1|8067|0|5240000|
1543|2016-01-20|А|3|1 6 10 22 25 28|5967|8|742|23|59|172|2|3644|0|5200000|
1542|2016-01-16|Б|2|17 23 25 32 39 49|6026|8|657|30|39|297|1|8299|0|5160000|
1541|2016-01-13|Б|2|12 19 23 30 42 48|6009|8|666|31|24|507|1|8697|0|5120000|
1540|2016-01-09|А|3|10 13 18 25 30 48|5626|8|643|26|38|257|1|6992|0|5080000|
1539|2016-01-06|Б|2|1 8 13 15 43 45|6489|8|726|25|41|264|1|7738|0|5040000|
1538|2016-01-02|А|1|13 23 26 35 43 52|5068|8|627|26|45|217|1|6999|0|5000000|
1537|2015-12-30|Б|1|7 13 19 26 36 44|8216|8|1120|19|62|210|4|2331|0|4960000|
1536|2015-12-26|А|3|15 29 34 40 47 52|6185|8|707|30|31|400|1|8873|0|4920000|
1535|2015-12-23|Б|3|14 16 19 29 31 42|7000|8|846|23|35|336|0|0|0|4880000|
1534|2015-12-19|А|3|25 29 33 38 40 46|6613|8|765|30|38|358|0|0|0|4840000|
1533|2015-12-16|А|4|4 6 14 20 22 34|6838|8|943|18|41|247|0|0|0|4800000|
1532|2015-12-12|Б|1|9 13 30 40 42 45|6220|8|711|27|33|345|0|0|0|4760000|
1531|2015-12-09|А|3|7 9 25 30 44 46|5824|8|709|24|30|339|1|7272|0|4720000|
1530|2015-12-05|Б|3|26 28 30 33 35 51|5791|8|576|32|28|385|0|0|0|4680000|
1529|2015-12-02|А|3|14 30 32 39 43 46|5713|8|869|19|52|194|0|0|0|4640000|
1528|2015-11-28|А|2|6 10 12 21 29 44|5904|8|742|24|36|295|3|2534|0|4600000|
1527|2015-11-25|А|2|8 21 22 25 48 49|5448|8|646|26|30|334|0|0|0|4560000|
1526|2015-11-21|Б|1|8 12 15 19 22 23|6644|8|929|17|39|249|0|0|0|4520000|
1525|2015-11-18|Б|3|5 8 26 32 41 42|5582|8|673|25|27|366|1|7069|0|4480000|
1524|2015-11-14|Б|4|4 5 6 22 25 33|7319|8|963|18|47|224|1|7545|0|4440000|
1523|2015-11-11|Б|3|12 13 16 38 42 51|5547|8|748|24|39|278|2|3880|0|4400000|
1522|2015-11-07|А|2|17 24 28 30 31 38|5664|8|679|28|43|258|0|0|0|4360000|
1521|2015-11-04|Б|2|13 23 33 38 44 52|6013|8|836|20|44|223|1|7013|0|4320000|
1520|2015-10-31|Б|3|9 19 21 29 37 51|6505|8|739|23|38|270|0|0|0|4280000|
1519|2015-10-28|Б|1|9 11 13 25 46 51|5857|8|721|24|43|236|3|2417|0|4240000|
1518|2015-10-24|Б|2|1 4 9 30 33 36|5770|8|718|25|46|229|1|7534|0|4200000|
1517|2015-10-21|Б|1|3 12 13 20 33 37|6043|8|933|17|47|202|2|3403|0|4160000|
1516|2015-10-17|Б|2|4 5 18 29 35 42|5904|8|739|24|40|265|0|0|0|4120000|
1515|2015-10-14|Б|2|2 5 6 23 33 50|6062|8|801|20|36|266|0|0|0|4080000|
1514|2015-10-10|А|1|13 30 33 38 41 47|5190|8|539|33|37|286|1|7565|0|4040000|
1513|2015-10-07|Б|3|1 19 24 30 33 36|5405|8|612|27|27|361|0|0|0|4000000|
1512|2015-10-03|Б|3|26 27 28 29 38 51|5289|8|657|25|24|404|1|6939|0|3960000|
1511|2015-09-30|Б|2|13 14 23 24 27 28|5888|8|721|22|24|388|1|6665|0|3920000|
1510|2015-09-26|А|4|10 19 29 33 40 44|5611|8|748|22|29|342|0|0|0|3880000|
1509|2015-09-23|Б|3|1 22 25 44 46 50|5279|8|573|30|18|568|0|0|0|3840000|
1508|2015-09-19|Б|1|13 21 35 41 45 51|5277|8|654|27|32|322|0|0|0|3800000|
1507|2015-09-16|А|4|4 24 30 32 47 51|4453|8|547|32|12|863|1|7399|0|3760000|
1506|2015-09-12|А|3|4 8 36 40 47 51|5116|8|534|32|18|567|0|0|0|3720000|
1505|2015-09-09|А|2|13 14 30 34 39 47|4895|8|585|29|25|408|0|0|0|3680000|
1504|2015-09-05|Б|4|8 12 17 23 35 45|5707|8|700|23|30|315|1|6763|0|3640000|
1503|2015-09-02|Б|4|1 22 32 44 49 50|4372|8|515|31|19|492|1|6690|0|3600000|
1502|2015-08-29|Б|4|5 10 13 17 36 39|5865|8|753|21|43|220|2|3378|0|3560000|
1501|2015-08-26|Б|3|10 12 13 29 32 38|5379|8|590|26|36|253|1|6522|0|3520000|
1500|2015-08-22|Б|2|10 14 17 39 48 52|5464|8|611|28|31|332|0|0|0|3480000|
1499|2015-08-19|Б|3|7 21 24 28 45 48|5850|8|739|22|41|236|0|0|0|3440000|
1498|2015-08-15|А|2|15 19 24 26 29 35|5679|8|719|23|24|407|1|6992|0|3400000|
1497|2015-08-12|А|4|1 11 42 49 50 51|4232|8|456|35|14|682|0|0|0|3360000|
1496|2015-08-08|Б|4|7 11 25 34 37 51|6081|8|782|22|43|239|1|7368|0|3320000|
1495|2015-08-05|Б|1|2 3 22 29 51 52|5630|8|679|23|26|362|0|0|0|3280000|
1494|2015-08-01|А|2|14 15 18 28 30 48|5276|8|613|27|31|318|0|0|0|3240000|
1493|2015-07-29|А|1|14 15 18 29 34 49|5058|8|628|27|29|342|1|7102|0|3200000|
1492|2015-07-25|А|1|1 16 17 28 32 48|5062|8|611|27|22|445|0|0|0|3160000|
1491|2015-07-22|Б|2|11 17 19 20 26 31|6661|8|815|19|49|193|0|0|0|3120000|
1490|2015-07-18|А|1|2 3 14 16 26 48|5595|8|678|24|34|283|0|0|0|3080000|
1489|2015-07-15|А|2|9 16 19 24 42 48|5053|8|553|29|20|480|0|0|0|3040000|
1488|2015-07-11|А|2|7 16 25 28 29 42|5822|8|774|20|48|197|0|0|0|3000000|
1487|2015-07-08|Б|3|12 26 29 44 45 48|5952|8|685|32|27|480|0|0|1|8920000|
1486|2015-07-04|А|1|2 4 5 8 14 26|8183|8|1331|14|88|130|2|4098|0|8880000|
1485|2015-07-01|Б|2|9 20 26 38 45 51|6302|8|806|25|34|349|1|8476|0|8840000|
1484|2015-06-27|А|3|4 9 14 15 29 49|7336|8|914|23|24|527|0|0|0|8800000|
1483|2015-06-24|А|3|14 17 23 39 41 52|6627|8|858|25|53|237|0|0|0|8760000|
1482|2015-06-20|А|4|7 10 19 22 46 51|7995|8|1027|20|58|215|0|0|0|8720000|
1481|2015-06-17|А|1|3 9 15 17 24 45|7704|8|999|20|56|212|0|0|0|8680000|
1480|2015-06-13|Б|2|14 21 26 32 40 46|6595|8|849|24|40|303|0|0|0|8640000|
1479|2015-06-10|А|1|1 8 9 11 29 36|7376|8|960|21|49|243|1|8512|0|8600000|
1478|2015-06-06|А|2|16 30 34 46 47 48|5305|8|601|35|28|448|0|0|0|8560000|
1477|2015-06-03|Б|4|2 17 28 34 45 51|6266|8|734|26|41|280|1|8219|0|8520000|
1476|2015-05-30|А|3|2 7 8 23 28 30|8195|8|1163|17|84|140|0|0|0|8480000|
1475|2015-05-27|А|4|3 5 17 29 46 47|7391|8|791|27|35|359|2|4494|0|8440000|
1474|2015-05-23|Б|3|11 18 24 26 27 44|6984|8|796|28|50|260|1|9321|0|8400000|
1473|2015-05-20|Б|3|7 8 29 36 41 46|7129|8|705|30|40|314|0|0|0|8360000|
1472|2015-05-16|Б|3|25 28 39 44 48 52|6857|8|741|31|39|349|1|9743|0|8320000|
1471|2015-05-13|А|1|6 13 16 25 29 33|7314|8|1068|18|76|155|0|0|0|8280000|
1470|2015-05-09|Б|3|11 22 29 35 36 38|6404|8|783|27|33|377|0|0|0|8240000|
1469|2015-05-06|А|4|1 6 16 19 20 38|7592|8|998|20|60|194|0|0|0|8200000|
1468|2015-05-02|Б|3|27 30 39 44 46 51|5509|8|561|35|25|461|0|0|0|8160000|
1467|2015-04-29|Б|2|3 4 5 6 10 51|8559|8|1041|20|61|204|3|2973|0|8120000|
1466|2015-04-25|Б|1|9 12 18 27 48 50|7023|8|885|24|43|295|1|9087|0|8080000|
1465|2015-04-22|Б|3|5 7 14 21 34 35|8022|8|1100|18|77|156|2|4312|0|8040000|
1464|2015-04-18|Б|1|3 7 12 23 36 44|7492|8|1041|20|59|210|1|8890|0|8000000|
1463|2015-04-15|Б|1|3 11 17 26 31 45|6833|8|922|19|66|160|1|7566|0|7960000|
1462|2015-04-11|А|1|14 22 29 44 45 49|6742|8|818|28|45|302|2|4865|0|7920000|
1461|2015-04-08|Б|2|5 24 26 35 49 50|6278|8|670|31|36|342|2|4400|0|7880000|
1460|2015-04-04|Б|4|9 23 26 30 34 45|6920|8|832|26|59|221|0|0|0|7840000|
1459|2015-04-01|А|4|5 14 30 36 37 52|6760|8|830|24|51|231|0|0|0|7800000|
1458|2015-03-28|Б|4|21 25 27 29 33 43|6989|8|878|23|50|238|1|8506|0|7760000|
1457|2015-03-25|Б|3|11 13 25 29 47 51|7295|8|939|22|40|307|1|8785|0|7720000|
1456|2015-03-21|Б|3|4 11 20 26 31 49|6810|8|839|26|44|289|0|0|0|7680000|
1455|2015-03-18|Б|3|4 20 31 38 45 52|6652|8|807|25|54|219|0|0|0|7640000|
1454|2015-03-14|Б|2|3 4 21 25 29 36|7391|8|948|21|48|248|1|8507|0|7600000|
1453|2015-03-11|А|4|15 16 24 34 37 43|5953|8|724|25|36|304|0|0|0|7560000|
1452|2015-03-07|А|2|2 4 9 10 13 22|8567|8|1295|16|74|163|1|8636|0|7520000|
1451|2015-03-04|Б|2|31 33 36 47 48 51|5256|8|542|36|19|611|0|0|0|7480000|
1450|2015-02-28|А|2|16 22 29 44 45 49|5622|8|582|37|21|598|0|0|0|7440000|
1449|2015-02-25|Б|2|23 27 40 45 49 51|5525|8|631|32|36|331|2|4260|0|7400000|
1448|2015-02-21|А|1|8 14 20 22 44 45|7116|8|902|22|43|278|1|8564|0|7360000|
1447|2015-02-18|А|4|3 10 26 29 33 43|6767|8|846|22|48|235|2|4033|0|7320000|
1446|2015-02-14|Б|1|1 11 12 23 32 34|7187|8|933|23|74|171|2|4524|0|7280000|
1445|2015-02-11|Б|4|6 23 31 33 39 41|6137|8|770|26|30|396|0|0|0|7240000|
1444|2015-02-07|Б|4|4 5 7 17 20 47|8084|8|1146|16|49|227|1|7950|0|7200000|
1443|2015-02-04|Б|3|1 20 32 35 37 45|5694|8|652|30|37|318|1|8405|0|7160000|
1442|2015-01-31|Б|3|35 40 42 46 50 51|5219|8|603|33|32|370|0|0|0|7120000|
1441|2015-01-28|Б|3|1 15 16 28 29 37|6359|8|823|22|40|271|0|0|0|7080000|
1440|2015-01-24|Б|3|3 11 20 37 40 47|6482|8|816|24|38|301|0|0|0|7040000|
1439|2015-01-21|А|2|6 14 23 27 29 42|6268|8|781|24|34|334|1|8133|0|7000000|
1438|2015-01-17|А|2|5 8 15 19 22 31|7749|8|1097|16|57|183|2|3734|0|6950000|
1437|2015-01-14|Б|3|6 15 17 23 28 38|6424|8|889|21|37|301|1|7971|0|6900000|
1436|2015-01-10|Б|3|3 11 17 22 26 42|6273|8|885|19|50|204|2|3643|0|6850000|
1435|2015-01-07|Б|2|5 12 18 28 46 49|5088|8|590|27|23|406|0|0|0|6800000|
1434|2015-01-03|Б|2|10 16 26 41 42 50|5058|8|525|33|31|329|1|7296|0|6750000|
1433|2014-12-31|Б|2|1 13 19 30 35 42|10063|8|1186|27|63|305|0|0|0|6700000|
1432|2014-12-27|Б|4|6 9 10 36 39 42|8367|8|961|27|55|281|4|2766|0|6650000|
1431|2014-12-24|А|2|1 13 16 17 42 48|7941|8|822|30|22|673|0|0|0|6600000|
1430|2014-12-20|Б|2|10 17 22 24 38 46|7974|8|959|26|51|294|2|5372|0|6550000|
1429|2014-12-17|Б|2|6 12 16 18 24 47|7533|8|932|26|55|262|0|0|0|6500000|
1428|2014-12-13|Б|2|6 9 13 18 19 35|9454|8|1244|20|64|229|0|0|0|6450000|
1427|2014-12-10|А|3|32 33 35 41 42 49|6900|8|643|39|36|410|1|10554|0|6400000|
1426|2014-12-06|А|2|3 8 14 21 30 42|9762|8|1357|19|68|225|1|10933|0|6350000|
1425|2014-12-03|Б|3|14 29 32 37 50 51|7442|8|847|28|36|395|2|5083|0|6300000|
1424|2014-11-29|Б|1|7 13 15 17 21 34|9441|8|1436|15|99|133|4|2354|0|6250000|
1423|2014-11-26|А|3|2 4 21 44 45 50|7843|8|961|23|63|212|2|4776|0|6200000|
1422|2014-11-22|Б|3|9 10 15 16 17 40|8663|8|995|23|41|332|2|4865|0|6150000|
1421|2014-11-19|Б|2|7 28 37 38 40 52|7469|8|909|24|47|280|0|0|0|6100000|
1420|2014-11-15|А|2|8 9 14 19 38 47|8787|8|1228|18|78|171|1|9536|0|6050000|
1419|2014-11-12|А|1|3 13 32 34 42 45|7624|8|936|25|57|240|2|4888|0|6000000|
1418|2014-11-08|А|3|1 6 10 12 35 37|7516|8|910|26|44|316|2|4972|0|5950000|
1417|2014-11-05|Б|4|4 8 19 26 37 44|8327|8|1216|18|81|161|0|0|0|5900000|
1416|2014-11-01|А|2|3 6 44 45 48 52|6909|8|753|31|29|474|0|0|0|5850000|
1415|2014-10-29|Б|2|3 31 34 41 43 52|6828|8|766|29|31|421|1|9335|0|5800000|
1414|2014-10-25|Б|1|12 25 27 31 42 48|6996|8|778|29|26|508|0|0|0|5750000|
1413|2014-10-22|А|3|15 18 28 29 35 46|7015|8|851|27|34|396|1|9626|0|5700000|
1412|2014-10-18|А|4|4 23 30 40 42 43|6466|8|701|33|38|365|0|0|0|5650000|
1411|2014-10-15|Б|2|4 10 31 42 49 50|6903|8|772|29|33|401|0|0|0|5600000|
1410|2014-10-11|А|3|8 21 32 35 41 49|7064|8|864|25|36|357|1|9182|0|5550000|
1409|2014-10-08|А|3|7 15 16 20 30 49|7373|8|955|22|45|276|0|0|0|5500000|
1408|2014-10-04|А|1|5 10 19 20 29 43|7593|8|971|21|48|248|0|0|0|5450000|
1407|2014-10-01|Б|4|5 6 8 18 26 39|8027|8|1047|18|48|234|3|2679|0|5400000|
1406|2014-09-27|А|2|10 15 28 39 50 51|6973|8|812|25|43|284|1|8723|0|5350000|
1405|2014-09-24|Б|3|11 21 30 36 37 50|6321|8|688|29|32|366|0|0|0|5300000|
1404|2014-09-20|А|2|1 7 13 33 42 47|7618|8|1067|19|65|185|0|0|0|5250000|
1403|2014-09-17|Б|4|3 23 29 40 48 51|6420|8|742|28|29|431|0|0|0|5200000|
1402|2014-09-13|А|4|4 6 9 33 36 42|7052|8|886|23|43|286|2|4397|0|5150000|
1401|2014-09-10|Б|1|10 12 19 28 29 30|7018|8|919|22|57|211|0|0|0|5100000|
1400|2014-09-06|А|2|2 26 27 28 42 50|6520|8|815|25|31|389|0|0|0|5050000|
1399|2014-09-03|А|4|7 21 30 35 46 52|6733|8|912|21|41|284|0|0|0|5000000|
1398|2014-08-30|Б|4|18 24 27 44 50 52|5929|8|671|29|33|348|1|8208|0|4950000|
1397|2014-08-27|Б|2|22 36 43 45 49 50|4863|8|556|35|20|577|0|0|0|4900000|
1396|2014-08-23|Б|2|1 4 6 12 31 45|6821|8|830|24|54|216|0|0|0|4850000|
1395|2014-08-20|Б|2|6 15 28 29 43 45|6329|8|699|29|29|414|2|4291|0|4800000|
1394|2014-08-16|Б|3|25 38 45 46 47 50|5279|8|663|32|26|488|1|9076|0|4750000|
1393|2014-08-13|Б|1|2 10 19 21 46 51|7188|8|897|23|49|248|2|4348|0|4700000|
1392|2014-08-09|Б|2|15 20 33 34 38 45|7013|8|887|23|60|204|3|2928|0|4650000|
1391|2014-08-06|А|3|12 16 21 40 49 51|6375|8|708|30|37|335|0|0|0|4600000|
1390|2014-08-02|Б|2|13 16 20 21 26 27|7583|8|1005|19|65|179|1|8324|0|4550000|
1389|2014-07-30|Б|1|3 12 13 20 29 52|7765|8|972|20|39|296|1|8255|0|4500000|
1388|2014-07-26|Б|2|10 16 21 41 45 50|6485|8|735|29|34|369|3|2992|0|4450000|
1387|2014-07-23|Б|1|16 22 27 29 32 40|7237|8|838|26|35|363|1|9098|0|4400000|
1386|2014-07-19|А|2|18 21 36 39 48 50|6082|8|724|32|26|524|1|9748|0|4350000|
1385|2014-07-16|А|4|4 9 28 36 41 45|7208|8|864|26|60|223|0|0|0|4300000|
1384|2014-07-12|А|4|14 22 25 33 37 49|7561|8|991|23|56|246|2|4937|0|4250000|
1383|2014-07-09|А|3|4 5 14 27 33 44|8889|8|1317|17|65|202|1|9385|0|4200000|
1382|2014-07-05|А|3|1 16 34 44 49 52|6495|8|780|30|35|401|1|10038|0|4150000|
1381|2014-07-02|Б|4|4 21 23 39 50 52|6997|8|822|27|42|310|1|9306|0|4100000|
1380|2014-06-28|Б|3|15 20 21 28 30 47|7189|8|884|24|27|470|1|9065|0|4050000|
1379|2014-06-25|А|1|12 26 28 39 42 46|6924|8|820|30|37|388|0|0|0|4000000|
1378|2014-06-21|А|1|1 16 30 42 43 52|6792|8|758|32|26|559|2|5198|0|3950000|
1377|2014-06-18|А|4|7 9 30 41 43 46|7911|8|966|24|56|248|0|0|0|3900000|
1376|2014-06-14|Б|4|1 7 17 31 49 52|8497|8|1040|22|64|216|1|9884|0|3850000|
1375|2014-06-11|А|2|7 12 13 34 36 40|7969|8|949|23|43|296|3|3033|0|3800000|
1374|2014-06-07|Б|3|2 12 31 34 35 48|6710|8|721|33|38|375|0|0|0|3750000|
1373|2014-06-04|Б|4|1 5 10 11 13 44|8778|8|1264|17|81|157|2|4564|0|3700000|
1372|2014-05-31|Б|2|23 28 30 36 48 50|6365|8|682|36|35|410|1|10269|0|3650000|
1371|2014-05-28|Б|1|4 5 12 26 47 50|7531|8|983|23|43|309|3|3172|0|3600000|
1370|2014-05-24|Б|1|13 24 26 34 35 45|7557|8|925|25|54|257|0|0|0|3550000|
1369|2014-05-21|Б|4|9 12 20 27 38 46|8114|8|1044|22|48|288|1|9894|0|3500000|
1368|2014-05-17|Б|1|2 11 12 15 21 50|8652|8|1112|21|36|386|1|9943|0|3450000|
1367|2014-05-14|Б|3|12 18 25 31 41 50|7104|8|860|29|41|366|2|5366|0|3400000|
1366|2014-05-10|А|2|6 10 13 25 31 41|7384|8|940|22|41|294|0|0|0|3350000|
1365|2014-05-07|Б|2|9 10 18 27 35 51|8160|8|1140|21|65|219|2|5084|0|3300000|
1364|2014-05-03|А|1|25 27 28 42 43 48|5493|8|583|35|33|367|0|0|0|3250000|
1363|2014-04-30|А|3|9 13 23 34 42 48|7913|8|928|27|46|326|0|0|0|3200000|
1362|2014-04-26|А|3|4 18 33 46 49 50|7644|8|853|31|48|324|0|0|0|3150000|
1361|2014-04-23|А|2|18 24 32 37 45 48|6884|8|848|29|32|461|0|0|0|3100000|
1360|2014-04-19|Б|1|14 23 28 30 36 42|8304|8|1027|29|44|400|0|0|0|3050000|
1359|2014-04-16|А|1|20 23 28 31 32 36|8146|8|859|31|27|579|0|0|0|3000000|
1358|2014-04-12|А|4|1 19 20 22 26 52|11830|8|1512|21|82|228|0|0|1|12050000|
1357|2014-04-09|А|3|5 21 38 39 43 49|10298|8|1171|29|45|442|2|7115|0|12000000|
1356|2014-04-05|А|1|4 5 13 18 31 51|12263|8|1675|19|107|174|3|4434|0|11950000|
1355|2014-04-02|Б|4|9 12 27 30 35 40|10602|8|1299|25|67|284|1|13616|0|11900000|
1354|2014-03-29|Б|3|12 15 22 34 37 43|10049|8|1194|26|57|322|0|0|0|11850000|
1353|2014-03-26|Б|3|23 28 30 33 34 35|9354|8|981|33|43|446|0|0|0|11800000|
1352|2014-03-22|А|3|20 25 27 33 46 51|10790|8|1274|25|55|345|1|13559|0|11750000|
1351|2014-03-19|Б|4|18 35 45 46 47 49|7767|8|767|44|37|534|0|0|0|11700000|
1350|2014-03-15|Б|4|9 15 20 21 47 49|11193|8|1246|26|71|272|1|13814|0|11650000|
1349|2014-03-12|Б|3|4 5 30 31 33 51|11236|8|1257|25|71|266|0|0|0|11600000|
1348|2014-03-08|А|3|6 7 19 39 43 47|11495|8|1511|22|59|337|2|7116|0|11550000|
1347|2014-03-05|А|4|9 26 32 33 41 50|20625|8|2481|24|97|363|1|1000000|0|12500000|
1346|2014-03-01|А|4|2 6 16 35 36 42|10101|8|1191|29|56|360|2|7201|0|12300000|
1345|2014-02-26|Б|2|5 8 14 35 36 40|11408|8|1391|23|69|277|2|6846|0|12250000|
1344|2014-02-22|Б|1|13 24 34 39 41 44|9759|8|1180|27|54|355|1|13729|0|12150000|
1343|2014-02-19|Б|3|4 5 11 12 26 36|12850|8|1618|22|88|236|2|7447|0|12100000|
1342|2014-02-15|Б|3|13 16 24 26 30 34|14695|8|1846|24|81|328|1|19007|0|12050000|
1341|2014-02-12|Б|2|18 26 34 41 44 51|25143|8|3088|28|144|358|3|333333|0|13000000|
1340|2014-02-08|А|3|6 11 30 47 49 51|12180|8|1399|31|63|404|0|0|0|12650000|
1339|2014-02-05|Б|1|7 8 31 39 41 46|13232|8|1546|26|77|304|2|8375|0|12600000|
1338|2014-02-01|А|2|16 24 25 36 48 49|10453|8|1158|34|45|512|2|8235|0|12550000|
1337|2014-01-29|Б|4|6 8 13 18 37 52|12171|8|1508|22|71|277|0|0|0|12500000|
1336|2014-01-25|А|3|15 34 36 39 42 51|11632|8|1492|27|77|315|1|17370|0|12450000|
1335|2014-01-22|А|4|14 26 28 36 37 52|12457|8|1542|25|73|315|1|16445|0|12400000|
1334|2014-01-18|А|4|11 13 24 40 41 51|14849|8|1778|26|105|261|2|9804|0|12350000|
1333|2014-01-15|Б|3|4 9 12 18 19 33|17583|8|2463|18|110|240|5|3780|0|12300000|
1332|2014-01-11|Б|3|4 13 15 37 44 50|15636|8|1877|25|104|266|1|19776|0|12250000|
1331|2014-01-08|Б|3|6 8 10 26 29 44|15028|8|2164|19|128|190|1|17405|0|12200000|
1330|2014-01-04|Б|2|5 19 27 34 37 48|14567|8|1776|25|86|302|2|9281|0|12150000|
1329|2014-01-01|Б|2|5 13 19 42 46 52|15995|8|2029|22|86|306|3|6269|0|12100000|
1328|2013-12-28|Б|2|9 15 17 20 39 43|21524|8|2795|21|163|217|3|8446|0|12050000|
1327|2013-12-25|А|1|1 20 24 27 35 41|31358|8|3585|29|161|379|2|500000|0|13000000|
1326|2013-12-21|А|4|3 7 15 36 41 43|18392|8|2347|21|134|223|1|21384|0|12500000|
1325|2013-12-18|А|2|4 18 25 45 46 51|26550|8|3235|25|183|5464|0|0|0|13000000|
1324|2013-12-14|А|1|6 12 33 44 48 52|15268|8|1832|26|119|240|3|6812|0|12500000|
1323|2013-12-11|А|4|2 13 20 35 38 51|24841|8|3201|23|156|283|1|1000000|0|13000000|
1322|2013-12-07|А|4|9 24 37 42 46 51|12622|8|1520|30|64|417|2|9550|0|12500000|
1321|2013-12-04|А|2|8 9 11 29 40 41|14091|8|1765|22|87|267|0|0|0|12300000|
1320|2013-11-30|А|1|7 26 30 31 34 41|13762|8|1588|27|60|420|0|0|0|12250000|
1319|2013-11-27|Б|3|3 12 14 20 26 38|16057|8|2102|20|118|208|5|3506|0|12200000|
1318|2013-11-23|Б|2|1 2 7 28 30 31|16503|8|1953|23|119|220|2|9365|0|12150000|
1317|2013-11-20|Б|2|19 20 23 41 46 51|14093|8|1554|29|62|435|1|19278|0|12100000|
1316|2013-11-16|Б|1|10 15 37 40 49 52|15478|8|1842|26|84|342|1|20545|0|12050000|
1315|2013-11-13|Б|3|1 6 8 19 23 35|33960|8|4339|21|241|225|9|111111|0|13000000|
1314|2013-11-09|А|3|5 11 32 34 39 42|15133|8|1656|28|78|351|0|0|0|12500000|
1313|2013-11-06|Б|2|1 2 4 33 49 50|13842|8|1623|27|84|310|0|0|0|12300000|
1312|2013-11-02|Б|2|13 26 28 30 33 49|14282|8|1675|27|83|319|2|9483|0|12250000|
1311|2013-10-30|Б|2|4 26 39 41 44 45|12418|8|1405|32|71|374|0|0|0|12200000|
1310|2013-10-26|А|2|21 27 39 41 42 48|13972|8|1496|31|51|544|1|19853|0|12150000|
1309|2013-10-23|А|3|11 26 33 36 37 43|13805|8|1583|29|77|351|0|0|0|12100000|
1308|2013-10-19|А|3|9 12 23 30 40 43|15145|8|1797|27|99|287|2|10160|0|12050000|
1307|2013-10-16|Б|3|2 3 4 19 24 44|30355|8|3931|21|194|257|1|1000000|0|13000000|
1306|2013-10-12|Б|4|4 5 10 18 27 45|16719|8|2236|19|143|182|2|9301|0|12650000|
1305|2013-10-09|А|4|3 17 26 27 31 32|16529|8|2157|20|90|290|4|4667|0|12450000|
1304|2013-10-05|Б|4|8 13 17 34 43 51|15255|8|2019|21|121|213|4|4606|0|12350000|
1303|2013-10-02|Б|3|8 10 21 28 36 40|15149|8|1930|22|94|268|2|9030|0|12300000|
1302|2013-09-28|Б|3|1 11 16 18 34 36|14996|8|1778|26|65|425|0|0|0|12250000|
1301|2013-09-25|Б|4|8 13 14 23 38 52|16939|8|2054|21|128|200|2|9184|0|12200000|
1300|2013-09-21|Б|2|1 9 12 17 42 51|16126|8|1978|24|99|283|2|10033|0|12150000|
1299|2013-09-18|Б|4|1 9 15 22 46 47|15213|8|1724|27|82|334|0|0|0|12100000|
1298|2013-09-14|Б|2|2 5 19 36 48 50|15537|8|1941|25|72|407|1|20968|0|12050000|
1297|2013-09-11|Б|2|19 20 35 40 47 51|27330|8|3068|32|137|420|1|1000000|0|13000000|
1296|2013-09-07|Б|1|9 19 31 32 40 50|16317|8|2238|21|123|224|5|3952|0|12700000|
1295|2013-09-04|Б|1|5 8 22 32 48 51|15538|8|2121|21|142|187|3|6334|0|12600000|
1294|2013-08-31|А|1|5 8 16 22 26 47|18048|8|2658|16|191|135|5|3702|0|12500000|
1293|2013-08-28|Б|1|10 12 34 48 51 52|13627|8|1554|31|63|451|0|0|0|12450000|
1292|2013-08-24|Б|4|11 13 17 21 35 52|16162|8|2128|20|120|213|2|9138|0|12400000|
1291|2013-08-21|Б|1|1 13 23 41 48 52|14694|8|1703|29|75|391|2|10474|0|12350000|
1290|2013-08-17|Б|1|7 17 24 29 45 52|17755|8|2336|20|139|199|3|6604|0|12300000|
1289|2013-08-14|А|3|2 3 9 12 28 33|18312|8|2728|17|133|203|2|9671|0|12200000|
1288|2013-08-10|А|2|15 30 35 41 46 48|13166|8|1518|34|66|461|1|21778|0|12100000|
1287|2013-08-07|А|2|9 10 27 31 43 47|16785|8|2029|25|92|322|0|0|0|12000000|
1286|2013-08-03|А|2|1 18 19 22 34 49|14536|8|1749|26|69|396|0|0|0|11900000|
1285|2013-07-31|Б|4|9 10 23 30 40 48|14843|8|1890|25|73|378|3|6573|0|11800000|
1284|2013-07-27|Б|3|4 8 18 28 33 37|17188|8|2345|19|126|216|4|4872|0|11700000|
1283|2013-07-24|Б|3|3 14 16 18 27 36|16980|8|2267|20|119|233|2|9912|0|11600000|
1282|2013-07-20|Б|4|2 13 34 43 45 48|15135|8|1773|28|76|387|4|5258|0|11500000|
1281|2013-07-17|Б|4|19 22 33 38 49 50|15726|8|1880|26|101|287|4|5178|0|11400000|
1280|2013-07-13|А|1|7 10 22 26 39 42|17552|8|2213|22|129|222|1|20517|0|11300000|
1279|2013-07-10|А|1|3 17 30 33 36 41|16331|8|1914|26|91|323|0|0|0|11200000|
1278|2013-07-06|А|2|10 28 29 35 41 47|15052|8|1622|33|86|364|2|11193|0|11100000|
1277|2013-07-03|А|2|5 8 24 38 43 48|30711|8|3617|28|158|373|3|333333|0|12000000|
1276|2013-06-29|Б|4|14 22 30 34 48 50|16129|6|1881|21|70|342|0|0|0|11700000|
1275|2013-06-26|Б|3|10 24 32 37 39 45|17841|6|2103|20|120|211|1|18130|0|11600000|
1274|2013-06-22|Б|4|1 6 11 17 27 42|22996|6|3275|13|187|142|1|19086|0|11500000|
1273|2013-06-19|Б|2|1 13 23 28 34 52|20775|6|2320|20|109|250|3|6500|0|11400000|
1272|2013-06-15|Б|4|5 7 14 16 29 48|23996|6|3037|15|152|179|4|4880|0|11300000|
1271|2013-06-12|Б|2|15 19 23 26 32 52|23174|6|2699|17|127|223|2|10115|0|11200000|
1270|2013-06-08|Б|2|8 9 17 32 36 43|23811|6|2949|17|189|156|6|3515|0|11100000|
1269|2013-06-05|Б|3|24 28 35 44 51 52|39595|6|4633|21|201|289|3|333333|0|12000000|
1268|2013-06-01|А|3|12 31 40 41 44 46|17326|6|1966|25|70|415|2|10398|0|11500000|
1267|2013-05-29|А|3|2 8 28 29 46 48|19554|6|2208|21|135|203|1|19635|0|11400000|
1266|2013-05-25|А|3|3 27 33 34 36 46|20395|6|2313|21|99|286|1|20281|0|11300000|
1265|2013-05-22|А|1|2 4 10 29 33 38|21374|6|2696|17|140|193|0|0|0|11200000|
1264|2013-05-18|Б|1|1 10 16 26 27 38|21118|6|2790|16|150|181|1|19491|0|11100000|
1263|2013-05-15|Б|1|3 20 30 34 35 48|17727|6|1957|24|88|323|4|5080|0|11000000|
1262|2013-05-11|Б|1|1 24 30 34 38 40|14857|6|1598|25|57|424|0|0|0|10900000|
1261|2013-05-08|А|2|13 15 21 27 40 44|20884|6|2916|14|187|129|3|5757|0|10800000|
1260|2013-05-04|Б|3|4 10 12 19 29 48|19373|6|2418|17|159|158|3|6016|0|10700000|
1259|2013-05-01|Б|4|10 20 27 30 35 48|17001|6|2059|20|92|274|0|0|0|10600000|
1258|2013-04-27|Б|2|2 7 18 35 45 51|22322|6|2789|17|143|197|2|10107|0|10500000|
1257|2013-04-24|А|2|13 22 26 27 29 31|24058|6|3234|15|155|182|3|6750|0|10400000|
1256|2013-04-20|А|2|3 5 32 41 44 46|21723|6|2479|20|94|313|0|0|0|10300000|
1255|2013-04-17|Б|3|5 26 43 47 50 52|21528|6|2568|20|118|260|3|7312|0|10200000|
1254|2013-04-13|Б|1|14 15 33 35 36 41|24522|6|2879|19|129|257|2|11864|0|10100000|
1253|2013-04-10|Б|1|17 24 34 43 45 52|45872|6|5416|20|266|242|4|250000|0|11000000|
1252|2013-04-06|А|1|1 6 20 23 26 38|23239|6|2769|19|131|237|3|7413|0|10900000|
1251|2013-04-03|А|2|2 6 21 35 40 52|21244|6|2593|19|140|208|0|0|0|10800000|
1250|2013-03-30|А|2|16 21 32 44 47 49|21466|6|2429|22|102|311|3|7554|0|10700000|
1249|2013-03-27|Б|4|4 10 16 20 30 39|22007|6|2945|17|109|271|0|0|0|10600000|
1248|2013-03-23|Б|3|6 7 13 25 26 35|24985|6|3170|15|152|186|1|20261|0|10500000|
1247|2013-03-20|Б|1|4 6 31 35 42 45|22213|6|2663|20|124|256|3|7571|0|10400000|
1246|2013-03-16|Б|4|2 4 25 30 41 44|21955|6|2592|21|127|250|1|22723|0|10300000|
1245|2013-03-13|Б|3|9 11 12 13 25 51|26035|6|3302|15|140|219|2|10997|0|10200000|
1244|2013-03-09|Б|4|17 22 42 44 51 52|21668|6|2748|18|146|204|3|7092|0|10100000|
1243|2013-03-06|Б|3|22 29 36 45 47 50|37934|6|4075|25|161|371|6|166666|0|11000000|
1242|2013-03-02|Б|3|13 14 15 20 38 41|24370|6|2947|17|136|219|0|0|0|10600000|
1241|2013-02-27|Б|3|4 15 21 28 32 40|24075|6|3257|15|180|167|4|5397|0|10400000|
1240|2013-02-23|Б|2|5 11 24 40 46 51|23108|6|2596|21|103|321|2|11825|0|10300000|
1239|2013-02-20|Б|4|4 11 17 31 40 47|23529|6|2943|17|154|199|4|5495|0|10200000|
1238|2013-02-16|Б|2|7 11 16 17 24 30|26846|6|3624|14|181|172|4|5561|0|10100000|
1237|2013-02-13|Б|2|1 6 16 24 50 51|43361|6|5032|21|253|250|5|200000|0|11000000|
1236|2013-02-09|Б|1|9 15 20 32 36 48|22507|6|2507|21|122|256|6|3720|0|10600000|
1235|2013-02-06|Б|4|6 7 9 10 24 30|25131|6|3208|15|204|138|5|4032|0|10300000|
1234|2013-02-02|А|2|5 6 13 30 33 44|23855|6|3163|15|167|175|5|4178|0|10100000|
1233|2013-01-30|Б|2|18 24 42 44 45 46|17895|6|1833|28|98|312|1|21908|0|10000000|
1232|2013-01-26|Б|2|5 24 29 33 48 51|19599|6|2446|20|95|306|3|6937|0|9900000|
1231|2013-01-23|А|2|11 23 34 46 48 50|18899|6|2095|24|82|365|3|7131|0|9800000|
1230|2013-01-19|А|3|18 20 21 29 39 44|22094|6|2582|20|121|250|5|4322|0|9700000|
1229|2013-01-16|Б|2|3 8 13 18 24 47|23586|6|2932|16|176|159|7|2865|0|9600000|
1228|2013-01-12|Б|3|2 13 24 25 28 36|23309|6|2826|18|153|200|1|21906|0|9500000|
1227|2013-01-09|А|2|5 25 35 37 39 42|19765|6|2377|19|94|291|1|19605|0|9400000|
1226|2013-01-05|Б|1|4 25 30 40 43 45|20760|6|2309|23|85|371|2|11285|0|9300000|
1225|2013-01-02|Б|3|8 9 21 27 41 50|19625|6|2525|15|107|217|5|3323|0|9200000|
1224|2012-12-29|А|2|2 4 6 14 50 51|30262|6|3673|19|183|223|3|9728|0|9100000|
1223|2012-12-26|Б|3|2 5 17 25 38 40|43718|6|5624|16|317|173|4|250000|0|10000000|
1222|2012-12-22|Б|2|11 20 25 34 44 49|22980|6|2876|19|170|191|5|4653|0|9500000|
1221|2012-12-19|А|1|27 30 32 33 38 44|36782|6|3907|23|203|4926|0|0|0|10000000|
1220|2012-12-15|А|4|12 21 31 33 35 38|25378|6|3240|16|191|166|2|11383|0|9500000|
1219|2012-12-12|А|2|4 5 26 42 47 50|38723|6|4329|21|185|299|1|1000000|0|10000000|
1218|2012-12-08|Б|2|14 15 19 27 36 47|23343|6|2800|17|128|228|2|10452|0|9500000|
1217|2012-12-05|Б|3|13 19 26 31 36 43|20117|6|2249|21|103|267|3|6563|0|9000000|
1216|2012-12-01|Б|2|4 5 13 21 47 51|23686|6|3146|15|170|164|3|6656|0|8600000|
1215|2012-11-28|Б|2|1 31 40 43 45 46|17518|6|1743|28|70|412|0|0|0|8500000|
1214|2012-11-24|Б|2|4 15 16 17 21 34|24347|6|3244|14|153|178|5|3912|0|8400000|
1213|2012-11-21|Б|4|15 32 40 42 45 50|20351|6|2372|21|115|253|2|10421|0|8300000|
1212|2012-11-17|А|1|21 27 33 44 45 51|22269|6|2816|17|172|169|3|6930|0|8200000|
1211|2012-11-14|А|1|11 17 18 19 49 52|21862|6|2797|17|156|181|2|10098|0|8100000|
1210|2012-11-10|Б|1|2 9 19 22 42 48|22463|6|2746|18|139|217|2|10805|0|8000000|
1209|2012-11-07|А|2|9 16 17 19 43 49|22143|6|2825|16|136|203|1|19745|0|7800000|
1208|2012-11-03|Б|2|5 11 18 30 51 52|20407|6|2414|19|109|246|1|19209|0|7700000|
1207|2012-10-31|Б|2|9 12 15 18 26 45|21020|6|2687|16|131|193|4|4537|0|7600000|
1206|2012-10-27|А|3|3 7 30 31 34 41|21579|6|2565|18|114|241|2|9836|0|7500000|
1205|2012-10-24|Б|3|7 11 22 26 32 46|22864|6|3060|15|146|187|3|6505|0|7400000|
1204|2012-10-20|А|1|11 27 41 47 49 52|18706|6|2227|23|123|246|0|0|0|7300000|
1203|2012-10-17|А|4|15 17 19 23 42 45|21928|6|2934|15|122|223|1|19493|0|7200000|
1202|2012-10-13|А|1|13 27 28 29 31 38|23434|6|2967|16|129|216|2|9992|0|7100000|
1201|2012-10-10|А|3|8 23 29 42 47 48|33434|6|3794|23|159|324|1|1000000|0|8000000|
1200|2012-10-06|А|1|11 17 28 49 51 52|20442|6|2275|21|92|307|3|6735|0|7800000|
1199|2012-10-03|А|4|20 21 35 40 48 50|17776|6|1892|25|81|343|0|0|0|7700000|
1198|2012-09-29|Б|4|2 23 25 29 34 41|20153|6|2296|20|107|259|2|9935|0|7600000|
1197|2012-09-26|Б|3|17 21 30 31 43 45|19676|6|2428|19|117|238|1|19918|0|7500000|
1196|2012-09-22|А|2|7 15 33 37 40 43|23163|6|3183|14|183|149|2|9801|0|7300000|
1195|2012-09-19|А|4|12 13 28 30 32 49|20279|6|2344|21|130|224|1|20828|0|7200000|
1194|2012-09-15|А|4|17 18 22 26 34 44|21079|6|2668|18|174|168|1|20991|0|7100000|
1193|2012-09-12|Б|1|4 10 12 15 21 42|42898|6|5356|15|250|198|3|333333|0|8000000|
1192|2012-09-08|Б|4|17 18 22 47 50 51|18758|6|1958|25|78|369|3|6867|0|7500000|
1191|2012-09-05|А|1|3 7 10 28 30 34|22697|6|2907|15|174|146|4|4550|0|7250000|
1190|2012-09-01|Б|2|3 7 9 31 37 40|23677|6|3390|12|197|128|2|9018|0|7000000|
1189|2012-08-29|А|1|1 27 30 37 40 41|16402|6|1842|23|95|269|0|0|0|6700000|
1188|2012-08-25|А|4|1 2 17 18 40 43|17062|6|1948|21|91|268|0|0|0|6500000|
1187|2012-08-22|А|2|2 3 21 27 41 43|20936|6|2525|17|126|205|1|18510|0|6250000|
1186|2012-08-18|А|3|7 8 17 25 42 48|22093|6|2800|15|130|198|0|0|0|6000000|
1185|2012-08-15|А|2|1 3 12 21 27 33|21537|6|3219|12|256|95|6|2901|0|5700000|
1184|2012-08-11|А|1|3 11 18 35 42 48|17799|6|2071|22|101|273|0|0|0|5500000|
1183|2012-08-08|Б|3|3 22 26 27 44 45|20226|6|2376|18|96|262|3|6006|0|5300000|
1182|2012-08-04|Б|2|3 7 35 36 43 44|18417|6|2096|20|90|278|1|17881|0|5100000|
1181|2012-08-01|А|4|1 4 36 42 43 51|16377|6|1655|26|76|338|0|0|0|5000000|
1180|2012-07-28|А|3|1 3 10 38 45 50|18345|6|2110|20|101|251|2|9084|0|4900000|
1179|2012-07-25|Б|4|18 24 26 35 45 50|16025|6|1817|25|100|269|0|0|0|4550000|
1178|2012-07-21|А|3|4 9 16 18 19 21|23223|6|3367|12|201|122|5|3521|0|4200000|
1177|2012-07-18|Б|4|6 9 11 12 35 51|19675|6|2303|18|89|282|2|8973|0|3850000|
1176|2012-07-14|Б|1|11 13 28 31 42 45|19780|6|2396|18|117|216|5|3615|0|3500000|
1175|2012-07-11|Б|3|32 36 38 39 48 51|16117|6|1618|30|63|461|1|20786|0|3250000|
1174|2012-07-07|Б|4|15 18 23 28 33 39|20046|6|2399|18|129|198|1|18256|0|3000000|
1173|2012-07-04|Б|4|7 15 23 38 42 50|25345|6|3594|15|321|98|29|775|1|14100000|
1172|2012-06-30|А|3|10 16 31 40 41 52|19975|6|2349|21|93|320|2|10643|0|13800000|
1171|2012-06-27|А|4|7 9 20 21 39 52|28632|6|3678|14|204|151|1|22048|0|13500000|
1170|2012-06-23|А|3|3 4 37 41 46 52|22929|6|2508|23|116|291|3|8046|0|13350000|
1169|2012-06-20|А|4|6 17 18 24 33 38|24885|6|3294|16|194|167|0|0|0|13200000|
1168|2012-06-16|А|3|6 23 37 39 41 47|23525|6|2773|22|144|247|4|6356|0|13100000|
1167|2012-06-13|Б|4|3 23 36 40 46 51|39552|6|4395|23|209|291|1|1000000|0|14000000|
1166|2012-06-09|А|2|2 4 7 8 21 22|33903|6|5387|10|404|78|8|2823|0|13500000|
1165|2012-06-06|А|2|8 10 17 26 32 44|24497|6|3264|16|204|150|7|3123|0|13300000|
1164|2012-06-02|А|3|3 16 24 34 41 51|23968|6|2910|20|114|310|3|8427|0|13000000|
1163|2012-05-30|А|1|8 14 32 38 46 48|22558|6|2763|20|157|211|2|11857|0|12800000|
1162|2012-05-26|А|2|8 9 13 14 20 52|30454|6|3743|14|189|171|1|23125|0|12650000|
1161|2012-05-23|Б|3|14 15 16 17 24 49|26687|6|2851|20|129|261|1|24140|0|12500000|
1160|2012-05-19|Б|2|5 12 15 29 30 43|27825|6|3705|15|208|163|7|3480|0|12300000|
1159|2012-05-16|А|2|8 16 20 29 33 46|26084|6|3428|16|193|171|3|7893|0|12150000|
1158|2012-05-12|А|1|2 5 13 21 28 33|32139|6|4655|11|323|98|9|2536|0|12000000|
1157|2012-05-09|А|4|8 12 21 35 42 46|22684|6|2780|19|132|238|2|11241|0|11900000|
1156|2012-05-05|А|1|5 15 23 31 36 50|26720|6|3738|15|232|141|5|4702|0|11800000|
1155|2012-05-02|Б|4|8 11 22 25 34 52|18214|6|2470|15|154|149|2|8202|0|11700000|
1154|2012-04-28|Б|4|6 10 15 22 35 52|27758|6|3730|15|172|197|5|4844|0|11600000|
1153|2012-04-25|Б|4|3 5 17 26 35 46|27060|6|3522|17|202|174|9|2798|0|11500000|
1152|2012-04-21|Б|1|4 5 12 13 15 31|33925|6|4845|12|266|130|7|3548|0|11350000|
1151|2012-04-18|Б|2|8 30 36 42 44 48|20656|6|2107|29|101|361|0|0|0|11200000|
1150|2012-04-14|Б|1|6 11 13 15 46 47|35381|6|4320|17|221|198|5|6261|0|11100000|
1149|2012-04-11|Б|3|16 19 21 30 34 49|46580|6|5655|19|283|229|1|1000000|0|12000000|
1148|2012-04-07|А|4|5 6 8 10 22 38|32312|6|4576|13|270|137|6|4425|0|11500000|
1147|2012-04-04|Б|4|6 21 23 24 38 41|25619|6|3139|19|163|221|4|6438|0|11200000|
1146|2012-03-31|Б|3|2 3 4 11 31 45|29701|6|3849|15|183|189|5|4947|0|11000000|
1145|2012-03-28|Б|3|3 8 22 23 24 35|27371|6|3441|16|167|202|2|12096|0|10700000|
1144|2012-03-24|А|4|7 8 22 29 33 36|30931|6|3948|15|190|187|2|12718|0|10500000|
1143|2012-03-21|Б|2|4 5 6 11 24 26|29655|6|3820|16|238|150|4|6379|0|10400000|
1142|2012-03-17|А|2|13 15 20 30 44 47|27798|6|3309|19|149|257|4|6856|0|10300000|
1141|2012-03-14|А|4|4 7 8 25 33 42|33053|6|4413|13|219|164|2|12857|0|10200000|
1140|2012-03-10|А|2|10 18 20 23 33 48|26011|6|3338|17|163|204|3|7927|0|10100000|
1139|2012-03-07|Б|3|11 15 16 17 48 51|49769|6|4966|24|209|333|4|250000|0|11000000|
1138|2012-03-03|А|1|2 11 14 32 42 48|27856|6|3292|19|143|265|3|9029|0|10500000|
1137|2012-02-29|Б|4|4 15 24 30 34 41|24770|6|2882|21|167|219|6|4373|0|10200000|
1136|2012-02-25|Б|2|5 9 27 29 31 36|28277|6|3718|16|183|191|3|8332|0|9900000|
1135|2012-02-22|А|4|1 15 18 19 29 49|25446|6|3071|20|141|261|2|13162|0|9700000|
1134|2012-02-18|Б|3|1 4 19 31 48 50|26116|6|3113|20|144|259|0|0|0|9500000|
1133|2012-02-15|Б|3|6 18 33 34 41 50|24668|6|2882|22|149|257|3|9134|0|9300000|
1132|2012-02-11|А|2|2 9 15 27 32 38|32670|6|4295|14|247|151|3|8886|0|9100000|
1131|2012-02-08|Б|3|2 6 11 16 25 26|46412|6|6260|15|357|158|1|1000000|0|10000000|
1130|2012-02-04|Б|2|14 17 42 44 45 50|22522|6|2519|22|104|319|0|0|0|9700000|
1129|2012-02-01|Б|3|1 12 18 26 27 31|24002|6|3081|16|155|193|2|10712|0|9500000|
1128|2012-01-28|Б|3|8 24 42 47 49 51|21134|6|2345|25|87|401|3|8307|0|9300000|
1127|2012-01-25|Б|2|2 8 16 28 32 44|28515|6|4348|13|332|103|7|3491|0|9100000|
1126|2012-01-21|Б|2|9 13 21 30 41 42|26887|6|3336|18|166|212|4|6309|0|8900000|
1125|2012-01-18|А|1|12 15 23 42 47 52|25111|6|3227|18|129|273|1|25190|0|8750000|
1124|2012-01-14|А|3|13 21 26 38 49 52|28791|6|3741|17|187|200|3|8920|0|8600000|
1123|2012-01-11|Б|4|7 23 36 42 44 46|24548|6|2657|23|103|351|1|25848|0|8450000|
1122|2012-01-07|А|4|13 17 18 20 42 45|24409|6|2661|20|119|269|2|11440|0|8300000|
1121|2012-01-04|А|3|6 13 28 41 46 52|22839|6|2559|22|134|253|4|6058|0|8200000|
1120|2011-12-31|Б|1|6 7 8 9 21 32|45813|6|6483|12|420|115|11|3155|0|8100000|
1119|2011-12-28|А|4|7 13 15 26 28 47|57483|6|7964|13|452|140|7|142857|0|9000000|
1118|2011-12-24|Б|3|3 4 21 32 34 46|31537|6|3875|17|211|187|2|14158|0|8600000|
1117|2011-12-21|Б|4|5 6 15 20 31 48|45080|6|6295|15|314|176|7|142857|0|9500000|
1116|2011-12-17|Б|3|5 35 39 41 43 47|26806|6|2951|24|126|333|3|10012|0|9100000|
1115|2011-12-14|Б|2|10 14 23 28 33 49|53313|6|6863|16|312|210|6|166666|0|10000000|
1114|2011-12-10|А|4|11 21 22 23 39 46|27323|6|3369|18|179|206|2|13221|0|9500000|
1113|2011-12-07|Б|4|22 24 33 46 47 50|24277|6|2870|21|153|239|1|26167|0|9000000|
1112|2011-12-03|Б|2|1 2 9 20 41 52|27756|6|3618|15|172|194|5|4770|0|8800000|
1111|2011-11-30|А|3|4 11 15 26 32 49|25242|6|3005|18|138|234|4|5784|0|8600000|
1110|2011-11-26|Б|3|10 11 20 21 22 39|27320|6|3562|15|180|181|4|5848|0|8400000|
1109|2011-11-23|Б|2|2 10 15 29 31 41|25153|6|3262|17|184|179|2|11778|0|8200000|
1108|2011-11-19|Б|2|4 5 20 32 39 48|25048|6|2829|20|148|226|1|23916|0|8000000|
1107|2011-11-16|А|2|7 12 15 18 22 51|24221|6|3074|17|149|207|1|22046|0|7800000|
1106|2011-11-12|А|2|7 18 23 33 34 46|27650|6|3478|17|165|213|7|3587|0|7600000|
1105|2011-11-09|А|1|4 6 15 24 31 40|23355|6|2953|17|155|198|3|7333|0|7400000|
1104|2011-11-05|А|1|12 17 24 30 47 51|21543|6|2335|24|114|288|3|7818|0|7200000|
1103|2011-11-02|А|3|2 14 18 20 34 40|23035|6|2663|18|123|235|1|20726|0|7000000|
1102|2011-10-29|А|2|6 11 15 17 30 35|20992|6|2486|19|126|221|0|0|0|6800000|
1101|2011-10-26|А|3|15 16 19 22 27 37|21944|6|2744|15|169|150|2|9062|0|6600000|
1100|2011-10-22|А|4|1 7 11 14 30 44|22316|6|2855|16|158|170|1|19270|0|6400000|
1099|2011-10-19|А|4|2 6 14 19 23 32|21756|6|3168|13|198|124|3|5865|0|6200000|
1098|2011-10-15|А|4|21 25 29 34 37 50|19395|6|2324|20|128|213|1|19493|0|6000000|
1097|2011-10-12|Б|2|7 10 15 29 41 43|20553|6|2469|18|127|205|2|9310|0|5800000|
1096|2011-10-08|Б|1|10 18 34 40 46 52|18719|6|2063|23|106|263|4|4992|0|5600000|
1095|2011-10-05|Б|4|1 6 14 21 45 47|18785|6|2372|18|130|195|2|9064|0|5400000|
1094|2011-10-01|Б|3|3 8 25 27 32 41|21039|6|2765|15|187|132|4|4411|0|5200000|
1093|2011-09-28|А|1|6 14 16 20 43 51|18810|6|2177|19|105|238|1|17862|0|5000000|
1092|2011-09-24|Б|3|2 27 33 40 46 47|18321|6|1912|23|79|328|1|18516|0|4500000|
1091|2011-09-21|Б|3|11 21 29 37 43 48|17835|6|2189|19|114|223|1|18163|0|4000000|
1090|2011-09-17|Б|1|1 4 24 25 30 33|18487|6|2132|19|93|263|3|5828|0|3500000|
1089|2011-09-14|А|1|6 19 29 38 47 51|15915|6|2026|20|104|232|3|5763|0|3000000|
1088|2011-09-10|Б|4|2 6 19 45 47 52|20570|6|2826|16|349|78|39|500|1|5250000|
1087|2011-09-07|А|1|6 14 15 21 29 33|21462|6|2830|15|144|176|1|18149|0|5000000|
1086|2011-09-03|А|1|10 23 29 33 42 44|18125|6|2190|20|103|255|1|18793|0|4800000|
1085|2011-08-31|А|3|1 2 5 18 23 45|18495|6|2344|17|109|221|0|0|0|4600000|
1084|2011-08-27|Б|3|1 10 27 28 45 49|19407|6|2202|20|124|215|2|9540|0|4400000|
1083|2011-08-24|Б|3|3 14 23 26 33 35|17920|6|2338|15|136|157|2|7653|0|4200000|
1082|2011-08-20|А|3|5 10 29 38 47 49|17337|6|2067|21|92|278|4|4567|0|4000000|
1081|2011-08-17|А|3|6 14 18 22 24 33|19815|6|2702|15|153|164|4|4496|0|3800000|
1080|2011-08-13|А|3|5 20 24 31 45 51|19942|6|2352|19|101|265|2|9560|0|3600000|
1079|2011-08-10|А|2|8 9 24 34 39 45|19960|6|2268|19|109|239|1|18659|0|3400000|
1078|2011-08-06|А|3|8 10 12 47 50 52|18930|6|2147|20|93|274|0|0|0|3200000|
1077|2011-08-03|А|3|6 7 18 19 42 52|20431|6|2610|15|152|156|6|2827|0|3000000|
1076|2011-07-30|А|2|3 8 16 25 31 32|24341|6|3457|13|200|138|5|3946|1|7800000|
1075|2011-07-27|А|2|10 14 27 29 38 46|22323|6|3204|15|228|124|8|2541|0|7600000|
1074|2011-07-23|Б|4|7 26 28 30 43 45|22247|6|2739|18|120|248|1|21334|0|7400000|
1073|2011-07-20|А|4|19 26 34 37 41 47|20893|6|2614|19|111|270|1|21431|0|7200000|
1072|2011-07-16|А|3|6 9 22 42 51 52|23061|6|2799|18|152|199|3|7234|0|7100000|
1071|2011-07-13|Б|4|1 6 7 13 19 52|43661|6|6097|13|400|120|13|76923|0|8000000|
1070|2011-07-09|Б|4|14 15 19 33 35 42|23415|6|3054|16|187|155|5|4163|0|7500000|
1069|2011-07-06|Б|3|6 10 14 17 27 51|22773|6|2760|16|159|167|1|18996|0|7000000|
1068|2011-07-02|А|4|5 10 14 18 20 30|25908|5|3490|12|225|113|0|0|0|6500000|
1067|2011-06-29|А|1|4 19 21 42 45 52|21049|5|2509|15|112|200|2|8025|0|6250000|
1066|2011-06-25|Б|2|14 34 41 45 46 51|20342|5|2133|22|99|278|2|9851|0|6000000|
1065|2011-06-22|Б|4|15 17 29 31 35 41|22580|5|2696|16|134|194|1|18584|0|5750000|
1064|2011-06-18|Б|4|2 3 13 29 44 46|22731|5|2696|16|104|246|1|18289|0|5500000|
1063|2011-06-15|Б|4|26 28 32 38 42 46|19320|5|2213|19|90|275|1|17736|0|5250000|
1062|2011-06-11|А|3|2 5 8 13 16 26|27971|5|4017|10|291|83|7|2494|0|5000000|
1061|2011-06-08|А|1|5 7 24 37 42 51|23188|5|2941|14|175|139|7|2492|0|4750000|
1060|2011-06-04|Б|1|12 14 35 41 46 52|19961|5|2120|20|88|290|2|9135|0|4500000|
1059|2011-06-01|Б|4|7 9 10 34 42 48|21497|5|2353|17|75|318|3|5691|0|4250000|
1058|2011-05-28|А|1|17 18 20 21 24 25|22564|5|2448|17|123|200|4|4406|0|4000000|
1057|2011-05-25|А|1|2 3 17 21 33 41|24540|5|3417|11|185|127|3|5628|0|3800000|
1056|2011-05-21|А|1|3 4 6 7 9 24|26522|5|4043|10|276|87|4|4303|0|3600000|
1055|2011-05-18|А|2|2 23 24 48 49 52|18734|5|2084|22|106|253|2|9600|0|3400000|
1054|2011-05-14|А|3|4 9 10 15 43 49|24550|5|2659|16|98|256|2|8979|0|3300000|
1053|2011-05-11|А|3|1 5 10 24 26 42|21556|5|2816|14|135|175|1|16907|0|3200000|
1052|2011-05-07|Б|3|4 5 7 33 50 52|27071|5|3821|11|201|122|4|4414|0|3100000|
1051|2011-05-04|А|3|4 11 16 20 24 28|21261|5|3014|11|182|113|3|4920|0|3000000|
1050|2011-04-30|А|2|13 16 17 18 21 50|27461|5|3143|15|141|199|2|10049|1|6300000|
1049|2011-04-27|А|3|5 18 25 38 46 52|23899|5|2957|15|150|181|3|6490|0|6200000|
1048|2011-04-23|Б|4|10 12 22 32 46 52|29489|5|3584|16|206|164|3|8044|0|6100000|
1047|2011-04-20|Б|1|4 14 26 37 45 50|47141|5|6450|12|357|134|6|166666|0|7000000|
1046|2011-04-16|Б|3|5 9 22 23 27 42|29606|5|3677|13|195|145|3|6778|0|6500000|
1045|2011-04-13|Б|1|4 8 9 38 44 52|29078|5|3515|14|160|184|1|21049|0|6200000|
1044|2011-04-09|Б|2|5 16 27 36 38 49|28297|5|3646|14|210|149|17|1320|0|6000000|
1043|2011-04-06|А|4|14 18 29 36 41 51|24032|5|2673|19|128|243|2|11112|0|5800000|
1042|2011-04-02|А|4|23 30 34 35 41 45|23987|5|2600|20|100|314|1|22468|0|5600000|
1041|2011-03-30|Б|1|8 9 27 33 35 51|29649|5|3802|13|211|138|4|5228|0|5400000|
1040|2011-03-26|А|1|1 7 9 17 20 51|32432|5|4612|11|268|114|5|4393|0|5200000|
1039|2011-03-23|А|3|5 13 22 36 39 47|47433|5|6171|14|323|159|8|125000|0|6000000|
1038|2011-03-19|А|3|3 24 31 35 46 48|24552|5|2777|19|121|266|1|23017|0|5800000|
1037|2011-03-16|Б|3|5 15 22 36 38 51|26405|5|3638|13|197|149|4|5270|0|5600000|
1036|2011-03-12|Б|4|10 16 22 33 49 51|26842|5|2925|18|142|222|3|7529|0|5400000|
1035|2011-03-09|Б|1|2 9 10 14 33 43|26839|5|3829|11|248|105|1|18628|0|5250000|
1034|2011-03-05|Б|2|5 7 10 28 47 52|33880|5|4218|13|207|162|4|5989|0|5100000|
1033|2011-03-02|А|2|4 22 24 28 32 51|41891|5|5161|15|220|211|4|250000|0|6000000|
1032|2011-02-26|А|3|6 7 12 27 31 44|30051|5|3957|12|190|152|4|5182|0|5500000|
1031|2011-02-23|А|3|5 12 15 19 20 26|30048|5|4302|11|230|125|5|4118|0|5000000|
1030|2011-02-19|Б|4|4 5 14 19 30 35|29634|5|3834|13|218|135|5|4225|0|4750000|
1029|2011-02-16|Б|1|10 11 14 26 33 50|27924|5|3482|13|151|188|1|20299|0|4500000|
1028|2011-02-12|А|4|1 2 18 33 37 43|27817|5|3116|18|140|236|2|11804|0|4200000|
1027|2011-02-09|А|4|4 16 23 33 48 49|40974|5|4985|17|216|231|8|125000|0|5000000|
1026|2011-02-05|А|4|1 15 18 27 30 37|26991|5|3327|14|187|153|0|0|0|4600000|
1025|2011-02-02|А|4|17 24 25 33 35 42|24700|5|3169|15|182|155|0|0|0|4300000|
1024|2011-01-29|Б|2|9 14 16 22 36 51|27617|5|3075|15|150|191|0|0|0|4050000|
1023|2011-01-26|Б|3|3 14 15 17 46 49|25387|5|2981|15|153|178|1|19504|0|3800000|
1022|2011-01-22|Б|2|2 7 25 38 47 52|27973|5|3672|13|203|144|5|4201|0|3600000|
1021|2011-01-19|Б|2|5 6 22 25 35 41|25654|5|3071|16|134|218|2|10479|0|3400000|
1020|2011-01-15|А|2|14 17 30 37 42 43|24520|5|2846|18|127|245|2|11127|0|3200000|
1019|2011-01-12|А|4|2 11 15 17 19 41|30126|5|3833|13|178|163|3|6926|0|3000000|
1018|2011-01-08|А|4|4 10 16 26 35 43|28417|5|3556|16|199|166|4|5934|1|13500000|
1017|2011-01-05|А|2|14 19 30 33 42 46|30284|5|3487|18|150|245|1|26324|0|13400000|
1016|2011-01-01|Б|2|5 9 13 25 33 43|40772|5|5969|10|366|99|6|4319|0|13300000|
1015|2010-12-29|Б|3|15 18 19 30 35 51|39035|5|4419|17|191|240|2|16435|0|13200000|
1014|2010-12-25|А|3|12 22 27 40 47 52|41534|5|5077|15|221|207|1|32682|0|13100000|
1013|2010-12-22|А|3|1 3 11 24 34 46|61828|5|7397|16|422|167|4|250000|0|14000000|
1012|2010-12-18|Б|1|20 23 31 33 35 51|37351|5|4610|16|219|198|3|10347|0|13500000|
1011|2010-12-15|Б|1|4 23 28 31 32 35|52156|5|6438|15|306|185|5|200000|0|14000000|
1010|2010-12-11|Б|3|12 19 21 40 46 52|33230|5|3789|16|168|216|3|8647|0|13700000|
1009|2010-12-08|А|3|1 12 17 30 45 52|29175|5|3384|17|154|229|8|3156|0|13400000|
1008|2010-12-04|А|1|17 29 30 31 43 47|27870|5|2958|20|136|262|1|25471|0|13150000|
1007|2010-12-01|А|4|5 8 10 34 39 47|31055|5|3977|14|196|167|1|23519|0|13000000|
1006|2010-11-27|А|3|11 17 30 34 41 42|28179|5|3149|20|134|276|2|13241|0|12850000|
1005|2010-11-24|А|1|13 25 27 34 37 50|31864|5|4334|13|272|123|10|2404|0|12700000|
1004|2010-11-20|А|2|11 13 20 30 40 49|31229|5|3944|15|231|157|8|3242|0|12500000|
1003|2010-11-17|Б|3|6 24 26 28 31 45|28890|5|3547|17|156|232|0|0|0|12400000|
1002|2010-11-13|Б|4|15 16 20 25 38 42|34669|5|4696|12|245|144|6|4224|0|12300000|
1001|2010-11-10|А|1|12 13 17 24 26 50|33289|5|3852|15|168|213|2|12821|0|12200000|
1000|2010-11-06|Б|1|6 9 13 27 39 52|39036|5|5598|11|294|126|5|5328|0|12100000|
999|2010-11-03|А|3|9 11 27 28 30 36|62119|5|7609|14|389|165|5|200000|0|13000000|
998|2010-10-30|А|2|3 16 33 36 40 49|31599|5|3893|15|183|192|6|4187|0|12500000|
997|2010-10-27|А|1|4 10 12 31 48 51|27849|5|3230|18|136|252|5|4914|0|12300000|
996|2010-10-23|Б|3|1 7 11 12 37 50|32134|5|3819|15|166|202|1|24039|0|12100000|
995|2010-10-20|Б|3|14 20 27 34 42 46|28204|5|3353|16|155|209|2|11610|0|11900000|
994|2010-10-16|А|3|3 17 27 31 39 47|31633|5|4241|13|255|127|11|2103|0|11700000|
993|2010-10-13|А|3|4 11 13 17 34 52|31528|5|4046|13|198|163|3|7704|0|11600000|
992|2010-10-09|А|3|1 6 11 18 35 39|28515|5|3427|16|175|188|2|11799|0|11500000|
991|2010-10-06|А|4|7 18 29 42 49 52|26857|5|3302|16|137|227|4|5574|0|11400000|
990|2010-10-02|Б|2|5 23 32 42 50 51|27621|5|3613|15|212|151|0|0|0|11300000|
989|2010-09-29|Б|2|26 28 32 36 41 47|26179|5|2886|19|114|292|2|11911|0|11200000|
988|2010-09-25|А|1|11 14 15 16 20 23|35016|5|3887|15|220|160|4|6320|0|11100000|
987|2010-09-22|Б|3|28 31 32 34 37 50|50346|5|5372|18|245|237|2|500000|0|12000000|
986|2010-09-18|Б|1|3 16 24 38 40 52|29946|5|3721|15|200|164|5|4688|0|11500000|
985|2010-09-15|Б|1|5 13 14 19 24 35|30563|5|3592|14|177|170|3|7199|0|11000000|
984|2010-09-11|Б|2|5 12 15 23 43 50|28766|5|3871|14|207|154|1|22815|0|10750000|
983|2010-09-08|А|3|2 8 15 28 36 50|29094|5|3835|13|194|154|4|5349|0|10500000|
982|2010-09-04|А|3|5 7 15 22 37 44|31939|5|4366|11|283|102|7|2967|0|10250000|
981|2010-09-01|А|2|12 16 20 25 34 36|25695|5|3276|15|181|162|2|10534|0|10100000|
980|2010-08-28|А|4|4 10 16 26 38 46|27411|5|3462|15|192|163|3|7475|0|10000000|
979|2010-08-25|А|2|10 15 35 37 40 50|22605|5|2711|16|159|167|0|0|0|9900000|
978|2010-08-21|Б|4|15 17 34 36 38 45|26155|5|3081|17|135|228|2|11008|0|9800000|
977|2010-08-18|Б|4|4 18 22 36 45 50|23812|5|3097|16|207|143|4|5309|0|9700000|
976|2010-08-14|Б|1|4 12 16 25 36 50|26071|5|3071|17|148|210|2|11130|0|9600000|
975|2010-08-11|Б|4|4 7 28 36 39 45|26864|5|3368|15|123|244|6|3579|0|9400000|
974|2010-08-07|Б|4|16 18 22 23 39 40|27411|5|2985|18|129|248|1|22924|0|9200000|
973|2010-08-04|Б|3|4 5 6 16 36 39|49397|5|5675|16|244|224|4|250000|0|10000000|
972|2010-07-31|Б|3|14 17 23 31 38 40|27607|5|3742|13|243|116|2|10146|0|9850000|
971|2010-07-28|А|1|5 13 20 30 39 43|25098|5|3402|14|154|181|1|19918|0|9700000|
970|2010-07-24|Б|1|6 25 31 39 44 48|24676|5|3065|16|149|197|3|7021|0|9550000|
969|2010-07-21|А|4|2 12 15 22 23 41|23816|5|3112|14|144|188|0|0|0|9400000|
968|2010-07-17|А|3|5 20 22 43 47 50|23695|5|2749|17|122|229|2|10015|0|9200000|
967|2010-07-14|Б|1|3 17 22 34 50 51|24136|5|2915|16|145|190|6|3295|0|9000000|
966|2010-07-10|Б|4|4 8 18 31 45 50|25565|5|3437|13|174|155|3|6454|0|8800000|
965|2010-07-07|Б|1|3 9 21 25 28 35|27757|5|3810|11|199|126|2|9012|0|8600000|
964|2010-07-03|А|4|2 6 20 50 51 52|21968|5|2458|18|140|189|2|9477|0|8400000|
963|2010-06-30|А|2|1 10 32 37 48 52|20907|5|2352|18|108|240|2|9274|0|8200000|
962|2010-06-26|А|2|15 18 25 29 50 51|23272|5|2681|17|126|214|2|9647|0|8000000|
961|2010-06-23|А|2|15 31 33 37 38 45|24879|5|2983|14|137|184|1|18009|0|7750000|
960|2010-06-19|Б|3|5 9 16 21 46 47|24999|5|2892|14|132|190|1|17932|0|7500000|
959|2010-06-16|Б|3|8 13 18 34 44 46|22634|5|2763|15|91|266|1|17350|0|7250000|
958|2010-06-12|Б|1|1 30 33 39 48 49|20007|5|2417|18|153|171|2|9356|0|7000000|
957|2010-06-09|Б|4|12 17 19 22 23 37|24426|5|3081|13|161|150|4|4337|0|6750000|
956|2010-06-05|Б|3|18 20 22 25 29 52|22609|5|2551|17|96|265|2|9109|0|6500000|
955|2010-06-02|А|2|7 19 28 43 45 52|24906|5|3320|12|158|152|4|4291|0|6250000|
954|2010-05-29|А|2|9 16 29 32 40 48|22704|5|2854|15|177|148|4|4687|0|6000000|
953|2010-05-26|А|2|3 13 25 34 40 51|22802|5|2880|14|146|165|2|8616|0|5750000|
952|2010-05-22|А|3|5 21 27 36 41 43|23834|5|2783|15|163|159|1|18519|0|5500000|
951|2010-05-19|А|1|2 5 6 10 12 28|23874|5|3542|11|220|109|3|5757|0|5250000|
950|2010-05-15|А|1|8 11 19 35 44 51|23246|5|3005|14|180|142|3|6092|0|5000000|
949|2010-05-12|А|3|1 14 24 25 38 39|20928|5|2684|14|135|167|2|8063|0|4800000|
948|2010-05-08|А|2|2 22 31 32 50 51|21891|5|2777|15|121|204|0|0|0|4600000|
947|2010-05-05|А|4|1 11 19 29 30 48|18406|5|2280|16|137|163|8|1993|0|4400000|
946|2010-05-01|А|1|17 19 27 36 39 40|20151|5|2559|14|122|173|2|7544|0|4200000|
945|2010-04-28|Б|1|5 12 29 32 36 43|21901|5|2757|15|158|158|2|8960|0|4000000|
944|2010-04-24|Б|2|3 6 14 15 16 38|25499|5|3229|12|168|143|3|5751|0|3750000|
943|2010-04-21|Б|3|6 11 19 30 31 38|23458|5|3093|13|178|136|10|1731|0|3500000|
942|2010-04-17|А|3|3 13 20 26 40 42|24685|5|3226|13|148|168|0|0|0|3250000|
941|2010-04-14|Б|2|5 16 21 27 28 45|23872|5|2888|14|153|157|1|17224|0|3000000|
940|2010-04-10|Б|1|5 8 14 23 44 48|27399|5|3398|14|190|153|1|20817|1|9250000|
939|2010-04-07|А|1|22 25 26 27 47 48|22915|5|2277|21|90|316|0|0|0|9000000|
938|2010-04-03|А|2|1 3 5 16 17 33|32081|5|4620|10|285|103|8|2636|0|8800000|
937|2010-03-31|Б|2|5 12 18 22 27 35|26289|5|3377|13|169|162|7|2805|0|8600000|
936|2010-03-27|Б|2|9 16 20 24 36 52|25896|5|2934|17|153|195|4|5329|0|8400000|
935|2010-03-24|Б|4|3 16 20 23 25 33|29240|5|4247|11|190|148|7|2874|0|8200000|
934|2010-03-20|Б|3|2 14 19 20 25 34|31177|5|3834|13|174|175|1|21835|0|8000000|
933|2010-03-17|А|2|3 5 7 27 40 44|31945|5|4542|10|245|111|4|4889|0|7750000|
932|2010-03-13|А|3|6 11 34 42 47 50|24320|5|3057|18|140|232|1|23274|0|7500000|
931|2010-03-10|А|2|15 23 25 33 35 37|24636|5|3209|14|204|133|6|3249|0|7250000|
930|2010-03-06|Б|2|4 15 19 24 34 42|32333|5|4264|15|218|171|3|8921|0|7000000|
929|2010-03-03|Б|3|2 7 21 25 36 42|42179|5|5615|13|314|136|8|125000|0|8000000|
928|2010-02-27|А|2|3 23 24 31 42 46|23781|5|2788|17|144|197|0|0|0|7500000|
927|2010-02-24|А|2|8 10 15 25 41 51|25458|5|3339|13|186|145|5|3859|0|7250000|
926|2010-02-20|Б|4|6 18 19 20 32 44|27452|5|3309|14|185|153|2|10151|0|7000000|
925|2010-02-17|Б|4|26 27 30 31 35 50|22000|5|2235|20|82|331|0|0|0|6750000|
924|2010-02-13|Б|4|5 14 15 31 37 52|28219|5|3751|13|193|149|3|6861|0|6500000|
923|2010-02-10|Б|1|4 14 19 31 32 38|28452|5|3546|13|195|143|1|19920|0|6250000|
922|2010-02-06|Б|1|4 6 8 14 28 43|35108|5|4346|13|229|152|3|333333|0|7250000|
921|2010-02-03|Б|3|3 21 22 23 36 44|24302|5|3238|13|176|143|1|17987|0|7000000|
920|2010-01-30|Б|3|3 9 14 20 33 43|26501|5|3681|11|245|98|3|5773|0|6750000|
919|2010-01-27|А|3|6 10 26 27 40 44|23509|5|3160|13|172|141|4|4359|0|6500000|
918|2010-01-23|А|3|3 21 23 25 37 40|23754|5|3130|13|199|119|6|2842|0|6250000|
